0 Untitled Model
0 Name:  train_single_track_01
0 Author:  
0 CustomBrick
0 NumOfBricks:  24
1 72 236.020000 -8.000000 84.702770 0.980704 0.000000 0.195501 0.000000 1.000000 0.000000 -0.195501 0.000000 0.980704 53400.dat
1 72 524.308200 -7.999990 -34.963600 0.831244 0.000000 0.555909 0.000000 1.000000 0.000000 -0.555909 0.000000 0.831244 53400.dat
1 72 -80.000000 -8.000000 100.000000 1.000000 0.000000 0.000000 0.000000 1.000000 0.000000 0.000000 0.000000 1.000000 53401.dat
1 72 744.871400 -7.999980 -255.709300 0.555220 0.000000 0.831703 0.000000 1.000000 0.000000 -0.831703 0.000000 0.555220 53400.dat
1 72 864.165600 -7.999990 -544.059300 0.194665 0.000000 0.980870 0.000000 1.000000 0.000000 -0.980870 0.000000 0.194665 53400.dat
1 72 864.028100 -7.999990 -856.111900 -0.195529 0.000000 0.980698 0.000000 1.000000 0.000000 -0.980698 0.000000 -0.195529 53400.dat
1 72 744.479900 -7.999990 -1144.357000 -0.555953 0.000000 0.831214 0.000000 1.000000 0.000000 -0.831214 0.000000 -0.555953 53400.dat
1 72 523.722200 -8.000000 -1364.908000 -0.831733 0.000000 0.555176 0.000000 1.000000 0.000000 -0.555176 0.000000 -0.831733 53400.dat
1 72 235.365700 -8.000000 -1484.187000 -0.980880 0.000000 0.194613 0.000000 1.000000 0.000000 -0.194613 0.000000 -0.980880 53400.dat
1 72 -80.000000 -8.000000 -1500.000000 1.000000 0.000000 0.000000 0.000000 1.000000 0.000000 0.000000 0.000000 1.000000 53401.dat
1 72 -400.000000 -8.000000 -1500.000000 1.000000 0.000000 0.000000 0.000000 1.000000 0.000000 0.000000 0.000000 1.000000 53401.dat
1 72 -720.000000 -8.000000 -1500.000000 1.000000 0.000000 0.000000 0.000000 1.000000 0.000000 0.000000 0.000000 1.000000 53401.dat
1 72 -1040.000000 -8.000000 -1500.000000 1.000000 0.000000 0.000000 0.000000 1.000000 0.000000 0.000000 0.000000 1.000000 53401.dat
1 72 -400.000000 -8.000000 100.000000 1.000000 0.000000 0.000000 0.000000 1.000000 0.000000 0.000000 0.000000 1.000000 53401.dat
1 72 -720.000000 -8.000000 100.000000 1.000000 0.000000 0.000000 0.000000 1.000000 0.000000 0.000000 0.000000 1.000000 53401.dat
1 72 -1040.000000 -8.000000 100.000000 1.000000 0.000000 0.000000 0.000000 1.000000 0.000000 0.000000 0.000000 1.000000 53401.dat
1 72 -1356.020000 -8.000000 -1484.703000 -0.980704 0.000000 -0.195501 0.000000 1.000000 0.000000 0.195501 0.000000 -0.980704 53400.dat
1 72 -1644.306000 -7.999920 -1365.038000 -0.831239 0.000000 -0.555908 0.000000 1.000000 0.000000 0.555907 0.000000 -0.831244 53400.dat
1 72 -1864.868000 -7.999930 -1144.292000 -0.555216 0.000000 -0.831699 0.000000 1.000000 0.000000 0.831702 0.000000 -0.555222 53400.dat
1 72 -1984.164000 -7.999930 -855.940700 -0.194665 0.000000 -0.980865 0.000000 1.000000 0.000000 0.980870 0.000000 -0.194666 53400.dat
1 72 -1984.025000 -7.999940 -543.888800 0.195528 0.000000 -0.980694 0.000000 1.000000 0.000000 0.980698 0.000000 0.195527 53400.dat
1 72 -1864.477000 -7.999940 -255.643300 0.555953 0.000000 -0.831210 0.000000 1.000000 0.000000 0.831215 0.000000 0.555952 53400.dat
1 72 -1643.719000 -7.999940 -35.091310 0.831729 0.000000 -0.555172 0.000000 1.000000 0.000000 0.555178 0.000000 0.831732 53400.dat
1 72 -1355.364000 -7.999940 84.187240 0.980877 0.000000 -0.194613 0.000000 1.000000 0.000000 0.194614 0.000000 0.980881 53400.dat
